window.GUARD_QTY_TABLE = {"cols": ["~900", "901~1000", "1001~1100", "1101~1200", "1201~1300", "1301~1400", "1401~1500", "1501~1600", "1601~1700", "1701~1800", "1801~1900", "1901~2000", "2001~2100", "2101~2200", "2201~2300", "2301~2400"], "rows": ["~900", "900~1000", "1001~1100", "1101~1200", "1201~1300", "1301~1400", "1401~1500", "1501~1600", "1601~1700", "1701~1800", "1801~1900", "1901~2000", "2001~2100", "2101~2200", "2201~2300", "2301~2400"], "matrix": [[63, 70, 77, 84, 91, 98, 105, 112, 119, 126, 133, 140, 147, 154, 161, 168], [70, 78, 86, 93, 101, 109, 117, 124, 132, 140, 148, 156, 163, 171, 179, 187], [77, 86, 94, 103, 111, 120, 128, 137, 145, 154, 163, 171, 180, 188, 197, 205], [84, 93, 103, 112, 121, 131, 140, 149, 159, 168, 177, 187, 196, 205, 215, 224], [91, 101, 111, 121, 131, 142, 152, 162, 172, 182, 192, 202, 212, 222, 233, 243], [98, 109, 120, 131, 142, 152, 163, 174, 185, 196, 207, 218, 229, 240, 250, 261], [105, 117, 128, 140, 152, 163, 175, 187, 198, 210, 222, 233, 245, 257, 268, 280], [112, 124, 137, 149, 162, 174, 187, 199, 212, 224, 236, 249, 261, 274, 286, 299], [119, 132, 145, 159, 172, 185, 198, 212, 225, 238, 251, 264, 278, 291, 304, 317], [126, 140, 154, 168, 182, 196, 210, 224, 238, 252, 266, 280, 294, 308, 322, 336], [133, 148, 163, 177, 192, 207, 222, 236, 251, 266, 281, 296, 310, 325, 340, 355], [140, 156, 171, 187, 202, 218, 233, 249, 264, 280, 296, 311, 327, 342, 358, 373], [147, 163, 180, 196, 212, 229, 245, 261, 278, 294, 310, 327, 343, 359, 376, 392], [154, 171, 188, 205, 222, 240, 257, 274, 291, 308, 325, 342, 359, 376, 394, 411], [161, 179, 197, 215, 233, 250, 268, 286, 304, 322, 340, 358, 376, 394, 411, 429], [168, 187, 205, 224, 243, 261, 280, 299, 317, 336, 355, 373, 392, 411, 429, 448]]};